160 INDEX ffls'ronlcvs ΕΤ IIY'I'HOLOGVS.

1111111(811111)1111111112311169 111111 (1111111 111111 VIII 166 1
Augusti (11111111118111111 1111. Ill 15 (11111111111111111 1111111. 11613
Augustus 611111 161111111111111111 111111) 1111. 11121 011111 1111111111. 11 132
11138 01111111. 111321 11296 11110
Augustus (1116111111) 1111. 11 261 011111111111111111111111111111111111111 redimam 111. VIII
Augustus (11111111) 111111156. 211 566 ⁶
1111111(1111111111111133116 11131 11133 0111111111111111. 11911
Augustus (11111611) A. 11111111 11111. 139 1. 1111 1111111111, 11 325
1 83. 191. 205. 359 111222. 263. 1111111111 0111161111111. 1111322
163. 111111111151. 180. A. 11111111119. A. 61111111111151 11588. 686 11103 111116
111111 11125. A. 1111111133. A. 1111111 11 119. 1111215. 335. 361 111111. 31 1111, 11 I. 121
A. 1111111261. A. 1111111111 86. A. 11111111 1190. 266, 306. 322
153. 11111111215. A. 11111111351. A. 11- Cleopatra 1111. 111 11
cellas IV 331. 111111111191. 161. A. 1111111 611111111111.112
111 1. 1111111111293. 1111111298. A. 111111 01111111 11111111 111. 11910
1188. A. 11111332 01111111 1111111111 111. 11811
111111111. 1 181. 213 11155 11183 1111. 111 0111111111201
111111Μ11111 111. 111131 6111111 1111111111 1111111111. 11 191. 961
111111111111111 Mauricum comptum 111. 11 931 (111111 1111111111 1111111111 1111111111 regulus III 108
11111111111111111111111111.1158 11613 1111255 11 510. 1095 11 268. 168. 511 111 215. 261
1111111111 Maurus 111. 1111111 1111 122. 166. 311. 129, 139. 158. 115. - mue
1111111111 111 11111111111111111 1111. 1111120 Romana 11111 1111 271 11511. 1095. magiam
11111111111.11328 VIII 315 militum 11261 111268 1111210. 8111111111 11111-
11111 111 108. cum 11111111 1111111111 111 215
8111111111, 11111 11306 11110 11111. 11181 6111111111111111. 1111568
111111111111111111 111111111111111 lust. II 181 (11111-
1111111111. 1111111. 1111111 1111111. 111111 p. 861) 61111111. 1111 506
1111111111111111111. 11918. 981 Demetrius 1111111 111111 111111 11111111 11111. 1 21
3111111111 magister militum 116111111111111 navibus 011111111 111. 1 180
1111111111111111111111. 1 361. 381. 1111111111 1111111111 111. praes. 8
, 1111111611111 evertit 111. III 19 lust. 11 121, 011 111, 11322
. apud 1111111111111 61111111 1111111111. 111 313 0111111 1111111111 11111111 111. 11912 11650 1111
Β1111111111.11136 11566 VII 510 622 ·
3111111111111111 311111111111111111 111. 111219
1111 126 1111111111111111111. 11 118
3111111111111111 1111111, 1111111111 Romanis 1111111111 dux 11111111 Maurus 1111. 1111 606
111. 11 516 11111111 Μ11111111. 1111 605
11111111 1111111111811111111111 dux 111. 11631. 803. 11111111111.11131 11618 1111 136
83911121. 112 1111381 1111111111111111111. 11862
1111111111111111311, 11 videtur, Iohannis 111. 11 981 [1111111111 Μ111111 nomen coniectum 1111111111 111.
1111111 1111111111. 111128 Euan 111 1111111111 11111111 11111111ῐί militum 11111
111, 1111516
611111 111. 111 158
611111111111, Liberatus 11111111. 11216 lust. 1299
01111110.11111111111111119 lust-,111 16 11111111 1111111111111. 1111621 ’
611111 Augustus 1111. 111 21 11 138 11111111111111111 111. 11992
011111 (Imperator) 1111. 1 138 11113 11111111111111 (111111111111111111111 111. 1111 561
1111111111 1111. 11 118 111 251 11 121. 210 11111111 111. 111113. 121
(jugan 1111111111 1111. 111211. 315. 395 11111111 11111111 111. 11 991
Oaggun 1111111 111. VIII 118 1111111111 111111111111111 1111.11525.1090 11518
61111111 11111111 111, 1111101 1111 311
6111111111111111111111116. 122 11332 11111 1111111 nomen pamm 11111111 111. IV 928
01111111111111111181111111111 dux 111. 11 632 11
132 1111569 (11111111111111111 111. 11861
611111111111111111. 11 916. 911 . 0111111 1111111111 dux 111. 11 642
81111111 111. pnes. 31 I 8 111331 (111111 Μ11111 111. 11910
0111111111111111. VIII 121 (11111111111111111. 11 119
6111111111111.111 125 1111111111 11111111111111 111. I 381 III 11. (261)
61111111 1111111111 regulus 11639 11 101. 113110. 0111111111 1111111111 dux 11111 188 11189. 910
115. 185. 211. 226. 551. 563 111295.116. 505. 11522 1111 312. 415
. 513. 511 VIII 16. 36. 212. 621. - 1111111811· Gentius magister militum 111. 11111 11113. 1083
11111 11111 1111111111 colligit VI 101. 1111111111 1111111111 1111111111 1111111 11111 Statim 111111111.
Syrtioorum omnium dux 11111111 1111111 11 113. 111 311
Ammonis oraculum 1111111 115-116. exereitum 6111111111111111111.11989
mgnum 1111111111-115. Tripolitanum provin· 111111111111811 11658
cium 111111 11 225. usque 1111111111 1111111- 61111111111111111111. 1153
graditur VI 280. 11 1111111 11111 11282-291. (11111111. 1151
11 regionem 11111 11111111 reversus Romanos 111111 (111111111111111111. 1111561
11 111-113. 111111111 impatiens Vl 395. 196 (1111111111 Romanorum dux 111111 fulgens Iberis 111. 11
1111212. pugna 111111 111111 1111111111111 1111389 181 (11111111111111111111111. 1, 11111.
-633, 11181-181 111121)
0111111 Romanus 111, 111 136 (11113111 31111111 111. 111 431
1111111111. 11212 1111111111 1111111 Inter 8111111111 11111 interfectus

0111 (minor) 111, Vl 310 111. 11 366 (11 28 111 381)

 

