158 INDEX GEOGRAPHICVS.

1111111111111111111. I 269 1136 119. 41. 82, 161. 141. 181. 195. 596. 666
81111111111111. 1111111111 polis 11131. 129. 263. 294. 159. 516. 511 VIII 192.
11111111111111111, 111211 256. 361. 114. 525·
8111111111 1111111111 111. I 529. 511 II 468. 111 11 189.
11111111111111111111111 326. 621; 881. 126. 821. 1091 1121 11131 111
111111111111111111111. 11156 361. 386139 VIII 121. 413
111111111111. 11113 luet. 111216 1111111111. 1519 11121. 1626 11 161. 456. 666
111111 111. 11188, 11. Gregorius yMecales populus 11111111 111. 111 11611. 11111111
11111111. 1151 {Membressa 1111111 1111111111 oppidum 111. III 311
111111111111181111111111.11113 III 112 11611ἱ (11.11111.1.15,6 W. 111. Ρ1111. 11 F. 11111,
1111111. 111 · vanu. 1111)
1111111111 Iob. v1 111. 111 inomni lun. 11111
11111111111111 81111111 111. 1118 II 81. 96. 166. “ Memphitica 1111 1111. 111 16
216. 315 11 311 11 168. 195. 238. 431. 4511111111111111111111.1151(11111111111111111111111 uon
Ι 162. 169. 664 111383 1111586. 611 cs. Inguen- 131,11111161111116111111 Proe. 1. 111111, 11)
111, Leueade. 81111111111111111111111111 pre- 1111111111. III 91
111111· p. 1111 111· , 111111111111 11111111. 111 96
1111111 1111. III 94 111111111111111111111111111111111. 11 116. 216
11111111 1111111111111111 111.1115(Μ111111 111 116,
Μάχλυες Herod. IV 118, Μάχρυες Ptol. IV 3, 26) 1111111111111Μ11111111111152 111189 1148
ludim 1111111111. 111 15 111 384 1111 618111. 1111111111. IX
111111111. III 56. 366 11111111 popqus 81111111 111. 11 198. 552. 589. 593.
11111111111. 11113 692 111165. 516 VIII 95. 111. 231. 218. 211.
1111111111 11111 111. 11 61. 15 1811111111111111. 423. 1281461139 ’
1111131. noe. 61 111111. 1161 111111111111111111. 11146
Niliacus 1111. 11 168
1111111111 111111181111111 111. I 111. 161 1118. 1161111111199
85. 629. 191. 815 111 535 VIII 131. 411. 561 111111111111111111111111111111.166. 65
11. 1111111, Leueade. de numine ci 1161111111ῑὶ 111111111111111. 1111. 381 11198 11198 11381
In 1111611111111111· 111456 1111.11211
, Langobardi 1111. praei, 12
1111111111111111111111111111111111. 111113 111. 0111111 111. 1516 11 121. 155 11183 1111218
Ani. p. 16, 3 W. Peoe. 1. 11111. 1121. 28) 1111, 11251
11111111 111 1111111111 8116111111. VIII 16 Oriens 111. 111 121
1111111111. VIII 229
1111111111.11511 111151 111111111111. 1229
1111111111. 1312. 561 1119 11216. 512 1161. 111111111111111111111. 11198
186. 286. 311. 389. 134. 449. 561. 511. 538. 511. Parius 11111 1111. 11316
611. 621 VII 131. 239. 291. 363. 313. 113. 192. 11111111. 158. 61. 88
561 1111 13. 51, 143. 185. 266. 251. 211. 358. Ρ1111111111. 111286
361. 389. 413. 416. 162 11111 149. 343 III 11111111111.11381 11199 luet. 11166
362. 382 Ρ111111ο1.158.61.61.89. 168 11552 11115
1111111 Ioh. 1182 11128 luet. 111211
111111 111. 118 11 344 1Π 168 111111. 253. Ρ1111111111.11893
261 1111. 121 111111111. l 119 1133
1111 nomen 1111111111 rumetum ioh. II 383 Petra Gemini cs. 61111111 Petra
11111111 populus 81111111 111. IlI 291 11. liuguae, 1111111 1111. 1153
11111111 . Ρ1111111. 111211 1186 111561. 533
Libya vel 1115111111] 9. 111. 121. 218. 294 11 16.
85 11129. 44. 68. 266. 215. 3231 393. 418 11 [111111111111.11121
231. 132 11256. 519 111 165. 112212 1111 1111111111181 1166. 316. - (111111181111-
61. 198. 231. 295. 355 1111. 128111. 111111 tium) 111. 111266 11122
1111111 I 3. 361. 381. 383. 112 1131191 111161. 1111111111(611111111111111111111.1311 111 156211
111. 362. 391 11 218. 196 1138. 222. ’113 11161. 111
111562. 518 1111. 11111. 35 Romanus 111. praef. 31 1 1886. 86161111261.
- 231. 368. 382. 168. 115. 481. 185. 561. 522 11
111111111111111111111111111. 1162 29. 192. 264. 224. 233. 211. 382 111 361. 162.
11111111111111111. 1112 161. 129 11 121. 166. 161. 181. 283. 343. 358.
Mammenses 111111 In 11111111 111111111111 111. 111 361. 391. 461. 416. 418. 141. 119. 511. 811. 681.
283 (Peon. 1. 111111. 1111. 11111611. 1161 119. 125. 131. 112. 823. 998. 1619. 1615. 1695.
’ Marmaridae vel 11111111ίά11 111. II 138 11 1612. 1113. 1156 VI 268. 316. 311. 328, 331. 366.
1161 11 141. 561. 585. 511. 661 111168 1111 386. 396. 433.119.196.561.518.555.611.698.
169. 366. 381. 421. 155. 531. 636. 811. 162 111 12. 161. 119. 128. 136. 118. 268. 298.
11111181111111111111111 vel vIeue 111. 1111 (211, 389. 412. 4961 561. 532 1111 11. 59. 82. 163.
Paul. 11 111 119. 136, 156. 111. 186. 191. 222. 255. 261.
11111111 111. 1116. 531 IV 131. 156. 516 1156. 269. 322. 318. 316. 388. 124.432.136.113.161.
82. 186. 281. 511. 536. 511. 685 111 162. 316. 168. 516. 526. 646. 649
413 111143. 185. 262. 522
Μι1111111111 vireu nomen 111111 eonem 111. 111168 811111 1111 1111. 111 22
11111111 (116. solea) 111. II 131 sarepta 1111. 11188
1111111111. I 215. 531. 555 1121129151183. 811111111. II 11
135 111168. 126. 281. 168154. 466 1111. 11. 61111111. 1213
21. 51. 84. 151. 281. 415. 663, 661. 193. 866. 811111111111. 111118 1111. 111366
812. 962. 912. 995. 998. 1613. 1619.1611.1129. 811111111. I 112

 

