162 INDEX HISTORICVS ET MYTHOLOGVS.

Msggilo 1111111 101. 11911 Olympus 1011253. 259 Ν 163 11181 lust. 111119
Msguus 110111 rationibus 10111, rectorum Letii dis· Ontisiren 1111111101. 1111121
0111010011111011111111. l 22 01011101. 11 12
Maleus 11001011 101. 11901 01011 11001101 101. 11 892
111000 1111111101. 1111 182
1110011110 Maurus 101. 11 985 ’ 1111010111 10111 101. presi. 9
Mensitelss 1111101 101. Ν 908 111111 1101110οι110οω pamm 11111110 101. 1111 621
11101111 1111101 101. VIII 111 111111 101. 1151
Mentisynsn Maurus 101. 11118 1110111111111101. 1111 106
11101011111 1111111101. Ν 161 1100011001101010 1111, 10110111 111111 101. 1100
Marcellus 1111101 111111 1111. 11183 (Pron. 1. Pers. [Peos. 1. 101111. 1 11 11³. 11. 28]
1118) 11111101. 1 192
111111111111101010011011111 10111532. 1091 (01100 Petronius 101. 1 185
antequem 1011011110 Africam vonit, Byrsoii dux Psulus euuiger, 1111111111, 10110011101. 11598
iuerat Proo. 1. 1001, 11 97) Psulus 1101111011 101. 11839
111101111111111011101. Ν 505. 815. 815 111101. 19 Ill 12
1111111 11001101 1111. Il 18 11110111 Tripolis 111111 11011111 101. Ili 1111
11111 Ioh. 1 1. 39. 86. 321.151.113 11 38. 112. 1111011101. 1 18601. Achilles
161. 185. 229. 319. 386. 109. 152 111111. 299. Pelops 1111. 1335
300. 389391105138. 112 Ν 35. 120. 255. Penthesilea 101. 1 189
380. 113. 111. 131. 138. 110. 813. 815. 1001. Petrus magister 0110101110 lusi. 125 (rme. 1. uoti.
1020 1111116.166.220.116,193.695 1Π 1111. 1111111110. 101111δο0100.115.211
30. ie. 66. 109. 302. 333. 381. 388. 153. 523 11111110111011111111101.1191. 201. 305 Ν 1051
1111 29. 81. 239. 286. 389. 159. 166. 169. 600. 111209. 218 1111511
612 111101111. 11 0[.1111011.-0110111111111- 111111 Romanus 101. 111 131. 133
111101. 1138 11111101101.1336 111395
1111111111 11111111 101. 11 66. 13. 201. 503 Phaethontius 101. 11138
Mortem 1111111 101. Ν 988 11011111 101. 11 21
1111111 1111111101. 111126 1100111 101. 11 158 111 26. 85. 225 1125. 251.
111101001111111101Ᾰ1951 529 11159 111320 1111221. 219. 318 1111.
1111110101111101111 deus (Pluto) 101. 11682 1111 11118
301 . 110111101.111 1111. 136
11111101 1111111101. 1111 112 11110111 101. 1 111
1111011101. 1116 11311 11993 11180 11111111001111 101. 111136
111110111111111010101011, geniem Lugusutan 11011111 Proserpina 101. 11 136
nequit 101. 111 530-533 Ι 180-182 11822 1110111111 1100100110 dux 101. 11118, 1085 11
-821 521 VIII 310. 111. 119
11111111111111101. 11 110 Pyrrhe 101. III 316
100111110111180 11321
1111110 1111111101. 11928 111οἰ011111 101. 11 311. 335 11583. 116. 911. 916
11111111110101101. 1111 590 11113 11123. 50. 231 1111 131. 111. 289. 351.
1111110111111101101101101. 11261 11611 586. 591. - 1110101 1101111111 00000010111111
Memnon 101. l 186 111 30 (Pron. 1. Pers. 1111). 10111011 11111101
Meniden 1111111 lob. 11 990 (11111111111011101.11311 11583 11123-35
Mernsgnn 1110111101. 11 860 1111111101. l 189
111101011111111101111101. l 75. 89. 98 (1100. 1, 1101111 1110111101. 11933
Pers. 11511 11 90. 30, 1.·11011. 111311. Romulos gens 101. Ν893
10. 11) Rufinus Τ11001111011 0101110110, 11 videtur, dux 101.
111111111111111101. Ν 929 11221 [1100. 111 1. 10111. 11 19. 20)
Messon 1111111101. 11 990
11111110 Maurus 10000100111101011111111101101. 11 81000 1111111101. 1111 591
962 8110000110111 templum 1111. 11 283
11111011 80011011 101. 11910 811011 1111111101. 1111 113
1110111 1111111101. 1111 561 8111111 10011011 101. 11 990
11100111 101. 11 606 8111111011 1111111 101. 1111 105
Mirmidonis 1111111 (01011101 1100101111 1011, 1111 811011 1111111101. 11909
399 8101111111111101 minoris uxor 1111. presi. 23 Anasi.
111110111 11111111 101. Ν 906 31 111119. 291 11101 111118. 11280 cs.
1100110 1111111101. 11861 800111
11111101 1111111101. 111 136 6111111 1111111101. 111128

Musa 10101101. 28. 31 1125 111335 10111. 12 8111111111111101. 1111391
1111110 11183 80111011001011101. 11501

8111111111 11001011 loh. IV 811

s 11110001 11111110 dux nomen 0001101010 1110101001 81011110 1111101110 dux 101. 1111 sionim 0011101110,

101.162(1100.1.1111.1118) 111 fallor, 1 81111110. iden 111110, 1101111111, du:
Nucusen Maurus 101. 11951 11631 81111110, 11911 81111110001111001111
Nudos 11111111 101. 11931 81111100 1111101111 dux 101. 11 911 01. 81011110
Nereos 10100011101111111 11 010101011111111 iusi. lll 81111111 1111101111 dux 101. 11 631 os. 81011110

221 11368 (11100100. (fimo. lp. 316 Oi.) 81111111110011011101. 111 131
Nerius 1110111 101. 1111 101 8110111100110100 dux ioh. 11522 111131100111111
11111110 Maurus 101. 111128 uisoque loeo 0001111010 1010111111 loomim 11011110
Nereus 1111. 111 15 2111010110011101 11 7. 9, Σινθοὺης Peos. 111011.
111010 Maurus 101. 111 129 11 11
1110111111 1111111 (1111111011101111111) 101, 1111603 81011110 Maurorum 1111 (11111110111681 1111 301
11111110 11111111 101. 1111 181 81011000 Μ11111 101. 11 963

 

